-2 -1
-1 0
10
20 3 3 3 4 4 1 3 3 2 4 4 4 2 2 3 4 4 3 2 1
22 1 3 2 1 4 1 1 4 1 1 2 3 4 2 3 4 4 1 1 3 1 1
22 2 3 4 2 1 1 2 4 1 1 1 1 4 2 2 3 2 2 4 1 1 1
26 1 4 3 1 3 3 1 3 1 4 2 2 4 3 3 3 3 3 4 4 2 1 1 4 2 2
25 2 3 4 4 3 4 3 3 2 1 4 4 1 3 1 2 2 3 1 1 2 3 4 1 1
21 1 4 1 2 3 3 4 3 2 2 2 4 1 3 1 4 2 1 2 2 3
28 1 3 3 2 1 2 2 1 1 2 1 2 3 3 4 3 1 1 4 2 1 4 4 1 3 1 1 4
20 3 3 3 1 1 4 2 3 1 2 3 2 2 4 4 1 3 2 1 4
21 3 4 1 2 4 4 3 4 3 1 3 1 3 3 2 2 4 4 2 2 2
24 3 2 2 3 4 4 4 3 1 2 2 1 3 1 4 1 1 3 1 3 3 3 1 4